tfin = 3153600000
ms = 1.98892e30
mj = 1.89813e27
rs = 6800e3
rj = 1.5e9
G_grav = 6.6743e-11
a = 778.479e09
eps = 1000
alpha = 0.5
maxit = 100
output = output_SI.txt
sampling = 1 
vx0 = -11000
vy0 = 2000
x0 = 0 
y0 = 0
output = output.out
nsteps = 10000 
f = 0.99 
adaptative = 0
jupyter = 1
ma = 1 
Rg = 0
